ESP32_01,31.2,61.0,1
ESP32_01,31.3,61.0,1
ESP32_01,31.3,61.0,1
ESP32_01,31.3,61.0,1
ESP32_01,31.3,61.0,1
ESP32_01,31.3,61.0,1
ESP32_01,31.3,61.0,1
ESP32_01,31.3,61.0,1
ESP32_01,31.3,61.0,1
ESP32_01,31.8,59.0,1
ESP32_01,31.8,59.0,1
ESP32_01,31.8,59.0,1
ESP32_01,31.8,59.0,1
ESP32_01,31.8,59.0,1
ESP32_01,31.8,59.0,1
ESP32_01,31.8,59.0,1
ESP32_01,31.8,59.0,1
ESP32_01,31.8,59.0,1
ESP32_01,31.8,59.0,1
ESP32_01,31.8,59.0,1
ESP32_01,31.8,59.0,1
ESP32_01,31.8,60.0,1
ESP32_01,31.8,60.0,0
ESP32_01,31.8,60.0,0
ESP32_01,31.8,60.0,0
ESP32_01,31.8,60.0,0
ESP32_01,31.8,59.0,0
ESP32_01,31.8,59.0,1
ESP32_01,31.8,59.0,1
ESP32_01,31.8,59.0,1
ESP32_01,31.8,59.0,1
ESP32_01,31.8,59.0,1
ESP32_01,31.8,59.0,1
ESP32_01,31.8,59.0,1
ESP32_01,31.8,59.0,1
ESP32_01,31.8,59.0,1
ESP32_01,31.8,59.0,1
ESP32_01,31.8,59.0,1
ESP32_01,31.8,59.0,1
ESP32_01,31.8,59.0,1
ESP32_01,31.8,58.0,1
ESP32_01,31.8,58.0,1
ESP32_01,31.8,58.0,1
ESP32_01,31.8,58.0,1
ESP32_01,31.8,58.0,1
ESP32_01,31.8,58.0,1
ESP32_01,31.8,58.0,1
ESP32_01,31.8,58.0,1
ESP32_01,31.8,58.0,1
ESP32_01,30.2,68.0,1
ESP32_01,30.2,68.0,1
ESP32_01,30.2,68.0,1
ESP32_01,30.2,68.0,1
ESP32_01,30.2,68.0,1
ESP32_01,30.2,68.0,1
ESP32_01,30.2,68.0,1
ESP32_01,30.2,68.0,1
ESP32_01,30.2,68.0,1
ESP32_01,30.2,68.0,1
ESP32_01,30.2,68.0,0
ESP32_01,30.2,68.0,1
ESP32_01,30.2,67.0,1
ESP32_01,30.2,67.0,1
ESP32_01,30.2,68.0,1
ESP32_01,30.2,68.0,0
ESP32_01,30.2,69.0,0
ESP32_01,30.2,69.0,0
ESP32_01,30.2,69.0,0
ESP32_01,30.2,69.0,1
ESP32_01,30.2,69.0,1
ESP32_01,30.2,69.0,1
ESP32_01,30.2,69.0,1
ESP32_01,30.2,69.0,1
ESP32_01,30.2,69.0,1
ESP32_01,30.2,69.0,0
ESP32_01,30.2,68.0,1
ESP32_01,30.2,68.0,1
ESP32_01,30.2,68.0,0
ESP32_01,30.2,68.0,1
ESP32_01,30.2,68.0,1
ESP32_01,30.2,68.0,1
ESP32_01,30.2,68.0,1
ESP32_01,30.2,68.0,1
ESP32_01,30.2,68.0,1
ESP32_01,30.2,68.0,1
ESP32_01,30.2,67.0,1
ESP32_01,30.2,67.0,1
ESP32_01,30.2,67.0,1
ESP32_01,30.2,67.0,1
ESP32_01,30.2,67.0,1
ESP32_01,30.2,67.0,1
ESP32_01,30.2,67.0,1
ESP32_ESTUFA,29.3,78.0,1
ESP32_ESTUFA,28.9,78.0,1
ESP32_ESTUFA,28.9,78.0,1
ESP32_ESTUFA,28.9,78.0,1
ESP32_ESTUFA,28.9,78.0,1
ESP32_ESTUFA,28.9,78.0,1
ESP32_ESTUFA,28.9,78.0,1
ESP32_ESTUFA,28.9,78.0,1
ESP32_ESTUFA,28.9,78.0,1
ESP32_ESTUFA,28.9,78.0,1
ESP32_ESTUFA,28.9,78.0,1
ESP32_ESTUFA,28.9,78.0,1
ESP32_ESTUFA,28.9,78.0,1
ESP32_ESTUFA,28.9,78.0,1
ESP32_ESTUFA,28.9,78.0,1
ESP32_ESTUFA,28.9,78.0,1
ESP32_ESTUFA,28.9,78.0,1
ESP32_ESTUFA,28.9,78.0,1
ESP32_ESTUFA,28.9,78.0,1
ESP32_ESTUFA,28.9,78.0,1
ESP32_ESTUFA,28.9,78.0,1
ESP32_ESTUFA,28.9,78.0,1
ESP32_ESTUFA,28.9,78.0,1
ESP32_ESTUFA,28.9,78.0,1
ESP32_ESTUFA,28.9,78.0,1
ESP32_ESTUFA,28.9,78.0,1
ESP32_ESTUFA,28.9,78.0,1
ESP32_ESTUFA,28.9,78.0,1
ESP32_ESTUFA,28.9,78.0,1
ESP32_ESTUFA,28.9,78.0,1
ESP32_ESTUFA,28.9,78.0,1
ESP32_ESTUFA,28.9,78.0,1
ESP32_ESTUFA,28.9,78.0,1
ESP32_ESTUFA,28.9,78.0,1
ESP32_ESTUFA,28.9,78.0,1
ESP32_ESTUFA,28.9,78.0,1
ESP32_ESTUFA,28.9,78.0,1
ESP32_ESTUFA,28.9,78.0,1
ESP32_ESTUFA,28.9,78.0,1
ESP32_ESTUFA,28.9,78.0,1
ESP32_ESTUFA,28.9,78.0,1
ESP32_ESTUFA,28.9,78.0,1
ESP32_ESTUFA,28.9,78.0,1
ESP32_ESTUFA,28.9,78.0,1
ESP32_ESTUFA,28.9,78.0,1
ESP32_ESTUFA,28.9,78.0,1
ESP32_ESTUFA,28.9,78.0,1
ESP32_ESTUFA,28.9,78.0,1
ESP32_ESTUFA,28.9,78.0,1
ESP32_ESTUFA,28.9,78.0,1
ESP32_ESTUFA,28.9,78.0,1
ESP32_ESTUFA,28.9,78.0,1
ESP32_ESTUFA,28.9,78.0,1
ESP32_ESTUFA,28.9,78.0,1
ESP32_ESTUFA,28.9,78.0,1
ESP32_ESTUFA,28.9,78.0,1
ESP32_ESTUFA,28.9,78.0,1
ESP32_ESTUFA,28.9,78.0,1
ESP32_ESTUFA,28.9,78.0,1
ESP32_ESTUFA,28.9,78.0,1
ESP32_ESTUFA,28.9,78.0,1
ESP32_ESTUFA,28.9,78.0,1
ESP32_ESTUFA,28.9,78.0,1
ESP32_ESTUFA,28.9,78.0,1
ESP32_ESTUFA,28.9,78.0,1
ESP32_ESTUFA,28.9,78.0,1
ESP32_ESTUFA,28.9,78.0,1
ESP32_ESTUFA,28.9,78.0,1
ESP32_ESTUFA,28.9,78.0,1
ESP32_ESTUFA,28.9,78.0,1
ESP32_ESTUFA,28.9,78.0,1
ESP32_ESTUFA,28.9,78.0,1
ESP32_ESTUFA,28.9,78.0,1
ESP32_ESTUFA,28.9,78.0,1
ESP32_ESTUFA,28.9,78.0,1
ESP32_ESTUFA,28.9,78.0,1
ESP32_ESTUFA,28.9,78.0,1
ESP32_ESTUFA,28.9,78.0,1
ESP32_ESTUFA,28.9,78.0,1
ESP32_ESTUFA,28.9,78.0,0
ESP32_ESTUFA,28.9,78.0,0
ESP32_ESTUFA,28.9,78.0,1
ESP32_ESTUFA,28.9,78.0,1
ESP32_ESTUFA,28.9,78.0,1
ESP32_ESTUFA,28.9,78.0,1
ESP32_ESTUFA,28.9,78.0,1
ESP32_ESTUFA,28.9,78.0,1
ESP32_ESTUFA,28.9,78.0,1
ESP32_ESTUFA,28.9,78.0,1
ESP32_ESTUFA,28.9,78.0,1
ESP32_ESTUFA,29.0,78.0,1
ESP32_ESTUFA,29.0,78.0,1
ESP32_ESTUFA,29.0,78.0,1
ESP32_ESTUFA,29.1,78.0,1
ESP32_ESTUFA,29.3,78.0,1
ESP32_ESTUFA,29.3,78.0,1
ESP32_ESTUFA,29.3,78.0,1
ESP32_ESTUFA,29.3,78.0,1
ESP32_ESTUFA,29.3,78.0,1
ESP32_ESTUFA,29.3,77.0,1
ESP32_ESTUFA,29.3,77.0,1
ESP32_ESTUFA,29.3,77.0,1
ESP32_ESTUFA,29.3,77.0,1
ESP32_ESTUFA,29.3,77.0,1
ESP32_ESTUFA,29.3,77.0,1
ESP32_ESTUFA,29.3,77.0,1
ESP32_ESTUFA,29.3,76.0,1
ESP32_ESTUFA,29.3,76.0,1
ESP32_ESTUFA,29.3,76.0,1
ESP32_ESTUFA,29.3,76.0,1
ESP32_ESTUFA,29.3,76.0,1
ESP32_ESTUFA,29.3,76.0,1
ESP32_ESTUFA,29.3,76.0,1
ESP32_ESTUFA,29.3,76.0,1
ESP32_ESTUFA,29.3,76.0,1
ESP32_ESTUFA,29.3,76.0,1
ESP32_ESTUFA,29.3,76.0,1
ESP32_ESTUFA,29.3,76.0,1
ESP32_ESTUFA,29.3,76.0,1
ESP32_ESTUFA,29.3,76.0,1
ESP32_ESTUFA,29.3,75.0,1
ESP32_ESTUFA,29.3,75.0,1
